68643218
18372560
181503003
1095
1058
1065
1051
1065
1030
942
1337
1285
896
890
837
907
894
885
857
846
851
856
786
731
729
660
639
311
417
504
439
389
505
503
439
376
441
383
382
376
439
376
440
377
442
374
449
383
506
504
249
310
311
381
440
377
440
382
444
375
440
377
314
411
441
378
442
386
507
507
439
378
443
378
440
377
505
438
316
311
311
374
437
376
437
310
310
383
449
382
441
378
442
379
442
379
444
379
455
258
315
382
442
381
440
378
441
381
452
378
445
379
441
384
447
378
448
377
526
505
255
377
445
382
441
376
443
414
442
388
442
315
247
380
439
381
446
382
513
516
446
380
444
381
443
380
517
507
444
383
450
381
446
380
446
384
444
380
445
389
445
387
316
381
447
380
514
510
443
637
519
509
451
382
449
381
317
388
445
386
450
382
508
509
509
508
446
380
446
382
450
715
512
511
448
386
442
381
445
385
514
514
444
382
510
510
448
383
445
385
511
515
428
385
452
383
449
388
512
508
448
395
514
325
319
387
449
389
510
509
448
387
447
385
516
509
515
511
450
383
446
401
384
382
445
385
512
510
513
512
656
516
455
386
514
526
387
509
510
514
512
511
518
514
510
509
511
509
447
386
513
513
454
383
511
513
511
521
325
384
511
511
516
514
512
510
512
514
510
510
511
451
322
391
514
512
513
510
512
514
510
450
387
517
516
512
513
510
513
513
520
321
392
523
513
513
514
516
516
515
515
511
512
526
521
513
447
395
518
514
517
518
516
516
517
516
521
512
513
513
538
520
515
514
520
518
517
520
513
518
518
515
514
515
518
516
518
513
519
515
451
261
391
517
519
514
520
516
514
514
515
517
515
513
518
517
519
515
515
516
515
514
515
746
519
520
518
519
519
520
518
521
515
521
521
520
516
523
518
520
389
390
515
521
515
521
519
521
514
521
515
523
515
523
523
523
519
520
517
516
528
396
395
517
515
521
527
522
516
519
523
524
516
517
522
518
530
392
398
520
517
517
521
520
529
523
524
830
527
521
518
519
533
517
519
517
530
518
516
521
524
520
518
518
517
518
517
532
523
518
519
519
529
522
522
520
521
529
523
520
519
518
522
408
393
517
519
524
526
524
520
519
526
519
520
522
520
523
520
523
524
525
519
520
520
522
524
523
529
520
540
843
524
524
529
526
524
520
527
269
399
526
522
520
266
394
520
530
532
528
526
520
527
525
520
524
520
522
463
397
521
522
520
529
521
524
528
521
332
400
523
531
524
523
531
521
522
522
523
534
524
529
332
400
521
526
521
524
522
534
525
460
396
523
521
532
520
523
525
529
523
521
526
528
528
531
530
456
397
524
532
523
528
524
525
524
532
539
529
524
530
525
525
518
522
527
519
521
530
535
531
531
528
529
523
527
529
529
523
524
528
527
526
531
527
528
528
529
525
527
528
528
530
528
524
530
524
524
527
545
528
536
525
525
526
522
531
527
524
524
524
537
528
530
532
526
525
531
529
343
404
533
527
527
525
527
528
533
529
530
532
531
527
533
532
527
525
529
533
529
528
551
537
532
534
533
531
527
531
536
526
528
539
528
527
532
531
533
532
570
530
534
539
531
533
529
540
535
529
528
527
531
535
529
531
531
533
528
531
530
529
535
535
534
529
533
532
530
529
536
537
527
534
342
406
532
528
532
530
530
528
529
528
541
529
533
534
530
535
532
530
535
529
553
531
529
536
536
533
529
536
531
530
532
536
533
535
1412
547
531
531
540
536
535
284
406
534
532
536
537
531
538
537
538
539
281
408
536
533
535
532
531
532
536
548
535
532
534
535
532
531
532
405
409
537
541
539
531
535
535
532
467
410
538
538
537
535
535
537
535
540
537
537
533
532
544
534
532
540
532
533
533
532
535
534
540
543
538
533
533
538
534
535
533
279
402
543
530
545
535
532
541
560
536
540
539
545
535
538
539
535
534
534
543
535
533
546
536
533
538
536
536
533
534
538
536
540
539
535
542
541
540
539
535
538
541
350
411
537
534
536
536
534
537
534
550
541
541
537
541
538
411
413
535
558
537
479
417
537
538
536
537
541
539
536
538
540
548
541
544
542
541
535
538
541
542
539
544
540
543
540
539
285
411
543
541
538
537
547
541
537
422
419
543
543
537
544
541
541
542
542
545
542
538
538
541
539
544
545
956
547
544
540
545
547
540
539
546
546
543
540
549
542
540
540
538
546
541
548
550
548
540
539
549
540
539
550
348
413
550
540
543
539
536
552
544
541
545
545
547
545
545
549
540
545
544
545
541
544
549
547
540
539
540
545
545
549
479
417
541
546
544
565
1110
558
544
445
424
541
538
547
544
544
543
540
549
292
415
417
417
556
422
544
546
543
480
427
548
548
549
552
547
547
543
496
290
416
547
544
550
551
550
548
547
548
545
546
550
550
551
553
426
421
543
544
549
544
550
546
542
543
547
545
545
546
557
548
553
544
551
547
556
551
551
422
426
548
548
550
551
553
550
551
485
419
552
550
551
549
550
550
563
553
552
552
548
545
548
360
421
551
544
565
557
549
547
548
548
548
555
552
554
464
427
551
552
554
554
548
551
548
452
433
553
560
550
556
554
550
549
555
568
559
553
363
423
554
557
552
557
559
549
550
556
360
425
552
549
561
557
559
553
557
492
431
490
426
552
552
556
557
555
500
426
552
550
550
552
557
551
553
556
550
570
564
554
556
555
552
551
553
360
427
551
560
561
559
554
555
573
565
556
551
556
557
555
556
555
555
559
557
552
553
553
559
557
558
555
551
553
549
550
552
553
564
562
559
554
554
560
555
561
560
554
556
561
555
558
555
560
560
555
553
560
561
561
563
558
560
554
558
554
562
556
563
558
560
562
560
565
562
557
562
559
556
561
563
559
558
583
562
558
564
558
559
562
566
557
562
557
562
563
560
559
555
562
567
557
566
558
306
436
559
560
559
563
583
563
562
557
306
433
564
558
563
558
564
561
562
566
440
439
499
435
559
555
568
567
558
482
444
563
559
574
561
559
559
567
406
434
561
565
565
560
567
559
567
506
437
501
437
496
442
563
562
558
496
440
547
442
563
564
564
563
596
506
441
505
442
561
558
558
560
558
564
587
563
561
567
565
560
563
569
562
565
563
566
564
572
564
569
561
563
569
564
564
565
564
565
565
580
571
580
563
564
562
566
593
572
575
572
563
561
568
600
564
570
560
562
570
563
570
562
566
565
567
562
562
561
577
565
569
563
561
566
570
571
569
570
573
566
570
570
571
572
576
570
569
568
568
575
567
568
567
566
566
566
569
566
578
573
570
570
569
568
566
572
566
567
566
579
571
567
575
572
573
567
570
567
567
584
444
568
568
568
573
568
568
577
574
443
572
384
443
568
571
574
573
573
575
577
574
575
571
572
578
573
576
574
577
577
578
572
572
569
572
577
573
566
571
570
587
573
576
578
346
444
574
573
571
576
572
580
577
834
1210
595
571
568
571
572
386
447
573
582
574
572
576
574
572
319
449
588
574
575
576
577
577
582
578
577
573
584
579
573
574
581
573
572
575
576
465
450
580
574
576
573
577
578
575
576
389
447
586
578
578
575
574
581
580
580
577
573
584
443
446
571
570
572
582
573
583
585
583
580
581
580
583
579
577
345
455
578
583
580
580
578
581
575
594
330
451
671
579
587
579
578
585
513
450
588
579
576
574
581
582
514
454
584
578
578
585
576
578
631
583
584
578
582
579
579
579
494
456
583
581
582
578
581
580
583
580
578
606
591
594
585
583
580
583
579
580
586
579
585
584
589
518
459
589
587
578
583
587
584
591
584
582
588
459
458
586
586
588
586
587
586
585
580
587
589
585
586
589
593
607
599
583
590
583
583
589
584
585
585
586
588
587
586
586
582
394
458
588
583
585
588
591
585
581
583
588
582
582
583
596
589
583
582
584
587
582
586
584
587
587
588
590
587
586
587
585
588
587
590
591
589
588
589
586
585
586
626
591
584
586
587
525
461
583
587
580
590
599
593
588
399
466
592
585
586
590
595
592
588
586
589
593
597
589
593
615
592
582
602
589
586
588
594
585
587
589
584
586
585
589
585
594
599
590
590
590
584
589
585
509
464
597
595
590
589
592
595
600
597
595
590
588
611
599
595
603
596
591
593
593
589
592
598
602
516
465
597
590
595
597
591
591
591
604
596
594
597
595
595
593
593
591
593
595
596
405
468
593
592
596
595
590
596
594
472
470
471
593
596
594
832
543
470
602
608
594
594
600
598
610
598
601
598
598
603
600
602
595
598
603
594
594
600
597
601
595
594
596
599
594
602
595
599
595
605
580
475
597
601
596
596
601
599
955
612
607
390
476
596
597
607
603
596
595
618
611
606
612
599
602
598
598
597
612
601
603
602
473
476
603
603
600
595
599
597
598
591
600
597
596
595
607
603
604
601
600
608
603
598
605
605
602
605
599
603
602
610
601
600
597
595
602
600
607
605
599
605
618
617
480
540
558
603
603
603
605
609
608
605
601
605
602
600
598
605
606
601
614
609
606
602
609
605
601
601
603
609
607
606
606
600
606
606
603
611
604
599
423
608
606
607
604
601
606
608
478
478
607
606
603
602
601
606
613
604
606
606
605
608
612
623
2035
617
612
603
606
600
602
604
610
607
601
603
602
601
511
480
606
611
604
605
605
599
614
486
479
482
608
610
607
604
479
494
611
616
613
720
621
612
617
614
605
607
611
611
612
612
610
606
611
611
611
614
608
362
604
612
607
611
616
615
609
612
609
610
543
482
606
609
613
634
615
612
615
609
614
615
617
610
617
617
611
619
610
612
614
613
611
616
624
620
613
614
615
610
612
621
614
618
621
627
614
619
613
612
617
618
616
611
612
614
613
617
611
614
626
612
611
614
611
616
614
625
612
614
612
618
617
424
733
626
627
624
619
617
618
431
613
621
618
615
627
617
613
620
618
616
617
615
620
620
619
618
617
614
616
613
431
617
613
617
631
621
614
629
620
617
614
631
618
622
809
630
617
616
625
624
628
623
619
616
617
629
620
617
614
620
615
619
616
616
617
625
431
622
620
622
625
619
554
554
618
623
625
623
622
619
620
627
625
619
622
621
516
623
622
625
620
621
620
634
619
618
630
621
617
616
618
623
624
621
620
620
631
621
634
624
616
617
620
614
627
630
624
622
636
622
620
638
621
496
619
623
628
633
633
626
1140
640
589
632
629
624
626
635
576
560
621
565
559
622
630
629
632
505
435
623
619
623
623
622
625
622
630
633
629
503
627
632
638
629
632
626
626
442
628
623
625
628
627
631
622
561
624
629
635
630
631
629
628
630
630
498
628
631
631
624
630
625
626
563
497
501
628
639
637
642
633
625
436
625
630
635
632
627
629
630
633
632
631
630
561
845
634
633
639
642
630
505
629
635
631
637
633
630
640
644
636
637
631
627
630
637
632
635
643
633
633
635
644
636
648
636
628
627
629
637
633
634
629
626
628
635
638
641
647
641
643
640
636
633
631
637
633
632
633
639
641
628
628
637
632
654
638
629
630
633
644
650
639
640
638
633
632
641
649
640
640
634
634
640
641
641
640
632
649
571
648
645
634
632
632
635
640
639
635
606
587
648
637
643
641
638
639
637
637
649
642
638
642
636
639
641
638
638
633
633
641
645
518
638
642
638
639
643
636
640
636
635
647
637
640
645
642
638
573
641
646
642
640
636
650
579
644
512
640
634
641
646
642
645
645
641
633
633
640
644
636
638
645
641
637
641
643
645
636
635
643
646
638
642
645
661
1235
649
643
645
643
645
645
657
658
645
643
645
643
638
639
641
641
646
646
641
646
643
642
645
647
647
644
650
648
643
645
643
645
641
646
572
643
646
651
645
649
640
591
643
640
656
644
644
649
640
576
642
647
647
641
644
647
648
665
649
644
645
643
578
649
649
643
643
654
652
648
644
649
640
645
578
649
651
644
647
645
642
642
646
649
648
649
648
647
650
644
641
650
646
642
649
651
648
647
656
651
656
650
651
652
652
650
665
655
655
652
651
651
646
652
645
647
661
648
655
651
653
644
588
649
652
655
653
666
655
657
660
527
646
651
650
652
651
655
652
657
647
589
650
648
654
653
653
655
653
534
655
654
656
532
652
646
658
650
538
656
652
650
652
651
646
644
664
655
651
676
604
655
657
655
656
658
666
591
655
656
663
666
655
653
649
659
654
654
655
652
656
655
657
654
658
659
657
653
654
655
658
653
653
659
657
661
661
654
654
660
654
659
654
633
589
658
652
657
655
656
657
662
655
655
658
660
655
658
658
655
658
664
470
667
657
657
660
659
654
654
657
661
663
661
658
657
659
653
668
656
659
655
667
659
674
707
662
640
662
657
676
662
665
601
657
658
657
659
664
658
662
654
667
662
657
663
672
657
661
659
661
658
676
663
657
595
661
654
660
663
663
663
536
671
662
663
665
659
662
662
661
663
661
668
663
657
662
658
662
661
662
659
663
671
661
600
613
663
663
665
661
664
666
668
595
659
665
658
663
665
663
660
666
596
672
660
658
664
663
598
690
662
662
663
663
668
666
659
662
662
663
664
667
665
663
667
666
665
660
662
656
663
657
660
673
665
659
661
662
662
663
662
664
666
670
667
668
663
660
666
667
663
668
665
662
667
663
663
673
665
537
687
663
665
668
672
667
653
664
668
672
667
669
667
661
667
670
665
663
666
668
665
674
665
667
669
667
664
672
664
663
668
667
662
671
663
604
679
669
665
673
665
662
676
668
665
678
672
669
680
602
670
672
666
666
675
669
669
674
672
670
684
672
673
672
666
670
669
669
681
674
670
672
675
667
670
674
677
675
674
670
673
674
671
672
666
547
679
673
671
667
680
673
670
671
673
672
647
674
674
676
669
675
676
609
611
677
676
673
671
671
604
609
669
669
683
674
666
684
670
991
1251
683
675
675
673
684
677
677
618
611
566
672
672
679
690
675
671
682
679
679
579
671
676
676
674
678
691
617
611
570
674
546
682
678
679
547
673
678
680
676
672
674
679
677
678
681
676
673
680
679
680
679
677
677
680
648
617
680
684
679
677
673
674
615
676
674
681
677
686
618
676
676
677
678
682
681
678
676
681
697
684
678
679
673
683
682
687
677
671
685
679
677
684
679
677
716
685
677
683
680
678
682
676
689
684
680
680
553
681
689
682
677
677
683
678
655
617
681
679
684
682
690
675
616
677
681
678
717
701
688
699
684
682
685
681
677
679
681
682
679
689
682
565
679
694
697
681
679
680
587
693
682
680
676
678
681
621
685
683
678
695
683
681
681
683
686
685
683
687
684
705
698
689
686
686
687
686
688
686
681
682
687
681
680
682
679
683
683
684
680
687
558
622
623
680
686
690
678
687
686
678
684
681
682
695
564
683
682
687
681
686
687
565
691
689
687
690
688
685
625
683
684
708
690
685
687
682
694
634
684
682
689
690
619
691
687
689
701
687
688
576
688
628
697
687
688
689
689
591
700
684
676
684
688
685
690
708
704
689
689
697
692
683
697
684
686
689
687
691
694
622
687
694
692
687
688
687
619
689
688
685
693
685
691
688
692
688
691
686
690
693
685
630
692
694
690
693
691
691
691
686
682
693
685
699
693
686
693
694
695
690
693
690
702
698
698
694
689
688
693
692
692
694
688
704
688
687
692
694
686
692
690
692
696
689
694
696
684
693
695
688
713
700
691
693
700
562
688
695
691
695
694
689
689
694
702
694
696
693
688
698
566
693
694
689
699
698
697
699
693
689
703
692
693
695
698
698
697
695
695
694
693
706
696
722
700
701
691
698
696
692
696
689
688
695
694
706
697
694
695
691
689
697
692
688
695
697
692
704
696
692
690
698
692
629
694
695
697
702
691
700
695
695
693
700
708
695
709
711
698
696
695
699
699
695
693
696
710
691
693
704
698
709
699
701
697
696
704
634
693
695
695
697
692
697
699
671
698
698
699
713
701
693
712
697
706
700
695
704
698
700
702
700
695
582
701
698
699
700
701
697
569
699
706
700
695
697
702
707
703
701
695
697
701
701
701
695
581
705
699
701
699
696
699
673
699
702
703
697
703
703
1022
1261
702
702
701
639
707
706
703
706
711
702
701
702
704
703
702
576
709
698
710
701
705
702
703
700
721
699
652
706
701
718
705
709
641
637
701
701
703
708
705
701
630
705
700
702
708
699
703
710
701
705
706
705
703
706
705
718
704
711
704
706
705
707
698
699
702
707
706
712
705
651
705
705
708
707
705
705
704
707
713
708
702
704
708
704
704
702
700
704
579
708
708
709
705
707
710
595
707
706
714
705
707
709
701
706
707
692
722
712
708
718
703
709
708
703
704
710
706
704
646
708
703
703
706
709
705
704
703
732
706
712
709
706
708
708
708
711
710
709
709
717
662
711
708
725
713
710
647
706
704
722
711
713
712
705
693
713
707
714
708
717
707
602
713
711
706
709
710
706
587
680
719
709
710
706
710
716
706
707
712
709
717
711
711
656
642
637
641
643
646
451
523
648
646
658
647
647
644
639
644
654
648
643
641
650
645
519
520
640
643
640
646
655
641
645
647
648
645
648
647
644
639
654
645
645
649
637
639
641
644
578
521
650
644
636
642
642
644
534
520
462
521
646
645
643
649
648
647
642
646
579
528
643
653
643
644
660
650
646
647
643
643
648
653
492
519
642
646
648
645
642
641
645
649
649
646
642
647
646
640
650
645
532
525
647
647
641
647
647
664
652
648
649
652
648
647
647
647
642
658
647
650
650
644
650
648
644
567
659
648
648
647
649
646
590
523
643
644
642
646
649
649
647
650
526
526
648
652
646
647
645
649
648
661
651
527
647
658
645
652
647
941
463
523
646
654
663
647
650
645
650
654
659
651
644
649
649
581
585
655
651
649
647
650
656
526
651
651
646
649
651
658
651
653
583
525
651
661
646
647
644
652
649
666
669
652
653
655
654
652
646
645
646
658
648
654
657
652
442
522
649
649
656
654
457
520
651
651
648
655
651
646
647
653
649
654
655
651
655
651
647
660
652
646
646
653
650
640
587
649
647
653
653
654
653
649
653
659
655
592
601
655
653
655
655
667
662
661
662
614
596
656
655
658
649
651
656
655
594
529
656
651
658
650
652
658
649
649
660
659
653
654
652
655
652
658
653
655
657
654
649
652
654
652
648
656
659
650
655
657
655
648
651
652
651
677
596
659
653
657
655
655
652
651
652
653
650
651
657
663
656
666
2417
661
659
657
658
660
659
656
664
656
653
658
654
604
588
657
653
662
659
657
656
657
651
659
658
654
657
602
596
657
660
653
658
656
654
659
664
654
655
650
461
522
657
661
658
657
655
661
665
657
596
528
654
654
661
661
655
661
650
530
658
662
659
653
655
660
658
670
664
657
654
659
660
533
656
655
654
662
660
665
668
661
656
666
661
661
659
662
655
661
657
657
662
660
659
659
656
661
663
663
662
661
662
660
671
661
660
660
664
662
673
660
656
656
650
663
679
656
657
663
659
531
658
661
639
657
663
658
868
666
662
658
515
536
664
663
658
659
657
658
474
541
658
664
662
664
661
664
601
661
665
661
659
662
660
533
660
661
663
680
669
660
659
661
663
675
660
661
663
664
682
690
661
665
663
660
665
680
641
664
664
672
662
683
665
660
626
539
658
668
657
663
658
667
660
668
608
539
659
664
667
668
676
667
661
659
660
665
674
662
659
660
672
668
676
661
667
661
666
662
552
536
671
663
667
664
661
667
666
663
667
666
668
668
658
660
667
668
667
668
668
670
665
666
664
667
660
664
662
666
666
668
661
672
668
666
1097
666
664
669
663
665
667
666
669
668
478
540
664
666
668
716
549
546
667
671
664
670
663
606
604
666
663
667
669
669
663
666
670
666
673
668
669
666
668
669
671
668
670
670
669
671
670
668
670
672
665
664
670
670
674
672
664
669
670
670
668
672
664
669
665
668
665
669
674
669
666
668
672
666
663
666
669
670
672
675
667
671
665
668
672
684
667
664
669
677
666
669
668
662
664
667
673
671
665
670
671
671
669
673
666
664
667
669
676
675
666
671
667
665
669
676
669
666
672
674
673
672
665
668
666
674
669
672
687
671
674
546
676
673
673
670
672
669
477
548
484
544
671
668
665
683
668
667
669
673
679
563
668
672
667
668
668
691
668
669
678
542
673
672
670
675
668
672
673
636
670
672
669
669
669
694
670
672
672
670
667
690
667
671
780
669
667
704
668
672
668
679
677
677
674
670
672
676
669
675
677
676
675
674
674
675
604
544
673
670
666
677
682
670
540
546
676
669
676
670
670
674
614
676
680
671
669
678
673
692
672
610
682
671
673
693
678
677
673
675
670
692
679
671
670
672
670
688
676
675
671
678
654
685
671
702
8646
676
671
675
677
675
675
682
677
680
676
676
678
656
614
682
679
684
680
678
677
680
672
673
676
676
674
686
675
675
673
588
678
678
676
672
677
679
616
675
673
677
674
678
679
673
605
670
677
672
674
681
516
551
678
675
671
681
686
675
688
674
676
680
684
672
678
679
622
557
677
672
680
679
680
684
678
681
680
689
682
681
673
678
673
679
556
561
678
686
687
675
675
671
617
676
681
676
681
685
678
682
676
675
684
684
674
680
613
560
681
685
676
681
677
675
672
568
679
682
686
682
676
683
676
677
677
675
699
679
609
552
679
675
673
687
676
675
686
680
688
688
679
675
679
681
679
687
489
554
687
682
682
693
683
682
681
681
678
685
690
680
680
683
590
564
682
678
684
678
696
693
684
603
684
683
681
682
678
680
517
562
679
700
682
681
676
556
677
697
679
683
681
684
616
559
686
683
684
679
678
654
618
678
679
684
679
701
684
557
679
683
685
695
684
678
678
683
684
691
685
682
696
683
680
684
684
684
680
684
682
688
684
685
684
684
686
681
681
679
680
683
504
689
684
683
684
679
685
688
682
681
680
689
688
683
698
684
684
679
685
681
680
685
680
683
544
559
678
683
681
686
688
627
623
686
684
686
683
690
682
621
627
692
693
694
687
685
683
681
690
689
685
686
693
687
689
687
686
686
686
713
703
683
693
684
684
688
684
683
683
687
685
685
691
690
688
688
686
701
688
689
683
689
691
688
683
685
690
683
688
689
688
684
684
688
687
687
685
689
689
703
685
691
685
688
689
689
683
689
686
688
689
494
694
698
685
685
693
688
690
689
689
690
694
692
689
690
690
691
622
564
687
690
689
692
685
689
497
560
685
685
684
689
697
693
690
688
691
690
685
690
686
688
560
563
699
694
690
687
691
689
692
690
685
686
501
565
496
567
662
559
691
690
688
693
632
560
692
693
692
686
692
683
683
688
692
703
689
687
687
691
692
686
689
687
686
694
696
524
689
692
691
687
690
688
689
698
692
686
688
693
690
689
692
688
607
569
694
693
691
693
707
628
628
689
688
690
717
697
689
562
562
566
690
693
688
689
504
568
692
694
688
690
694
694
695
695
696
688
695
701
535
563
693
800
702
695
717
694
690
689
693
695
639
695
693
695
690
704
676
838
1620
699
706
696
564
563
692
701
706
694
690
695
694
693
691
693
691
704
634
696
696
693
695
690
693
716
691
702
698
697
693
706
690
691
695
694
696
701
699
692
691
694
697
698
696
698
696
691
699
699
502
569
697
696
698
694
692
689
703
697
697
638
693
700
701
695
693
701
704
700
698
697
700
698
692
698
692
698
569
571
692
696
693
699
700
681
696
699
692
712
695
697
696
583
696
711
700
693
699
704
631
701
693
693
693
698
701
569
694
702
695
695
696
699
693
693
698
702
696
706
698
698
693
693
695
696
568
567
716
699
708
702
699
700
699
698
714
700
699
699
706
705
701
696
698
698
694
718
698
694
699
700
699
704
695
700
698
700
671
574
700
703
696
696
703
702
695
700
697
695
719
714
699
695
695
701
618
576
696
696
701
703
701
634
698
700
733
737
751
737
737
765
685
745
737
734
737
736
626
741
740
741
739
736
776
775
776
769
783
788
768
771
777
775
774
773
770
790
793
800
806
799
810
792
817
817
794
794
797
797
797
795
806
793
794
795
787
726
789
792
808
792
794
792
790
795
792
798
792
795
804
797
789
825
796
796
1005
789
797
803
691
794
806
800
799
796
793
794
796
795
799
790
796
796
795
799
791
791
799
797
804
790
790
798
799
799
798
795
801
795
806
800
797
793
801
800
792
792
798
919
756
791
795
800
798
793
797
732
735
829
815
794
819
797
798
804
795
793
799
731
792
800
800
799
803
801
797
797
801
801
798
800
798
798
796
808
794
793
795
800
798
784
798
821
799
807
796
799
799
801
800
799
799
800
794
809
801
795
799
802
797
801
799
802
795
801
798
800
795
799
789
799
798
807
800
802
802
796
801
799
799
795
798
807
816
804
799
801
835
797
804
799
800
801
792
803
804
799
796
799
804
798
799
802
795
807
808
803
804
801
820
803
797
804
804
806
801
767
804
809
814
804
800
801
799
800
801
808
804
804
817
803
799
801
676
806
801
802
806
803
804
802
806
800
800
806
803
807
743
800
741
808
804
816
727
803
797
806
807
803
807
808
804
817
805
807
805
805
814
806
803
801
801
801
800
811
805
800
807
803
805
805
800
811
805
808
795
806
810
808
820
807
803
804
805
804
801
801
806
809
821
805
804
807
805
804
809
808
804
808
806
822
1224
754
748
810
804
808
809
827
810
806
810
693
808
812
808
810
811
848
741
803
810
808
807
810
804
820
813
813
810
807
809
808
811
811
806
815
809
816
808
808
813
807
687
808
804
822
805
815
815
810
810
810
812
810
805
821
813
812
818
808
814
813
820
805
806
809
816
805
814
810
810
805
819
806
825
810
812
812
811
817
811
813
813
804
815
813
809
812
807
814
814
826
812
811
807
813
814
812
811
812
815
821
811
809
817
811
808
814
810
828
765
816
814
813
782
752
771
817
810
830
815
817
769
808
827
808
816
813
836
714
820
818
811
816
808
814
818
814
815
789
753
815
811
807
816
751
752
815
814
816
816
816
782
809
811
811
835
807
814
819
824
817
812
809
818
746
766
815
817
813
845
757
817
813
818
816
812
810
830
818
817
826
815
811
753
754
820
813
828
785
820
824
816
814
817
757
820
817
817
819
821
774
812
811
820
837
817
815
813
816
816
817
820
827
814
820
819
812
822
819
817
817
818
815
826
817
817
816
814
854
833
816
842
821
768
821
820
813
820
816
822
813
820
823
819
820
818
815
824
834
819
703
820
824
821
821
846
715
761
831
817
816
831
821
826
821
818
834
823
816
816
821
825
822
821
821
820
822
824
816
816
816
821
821
818
821
836
820
757
825
819
816
822
819
827
818
825
817
824
776
755
823
820
864
834
821
814
816
824
827
823
837
824
825
830
820
824
826
775
819
818
820
825
825
827
822
824
819
827
823
831
820
819
823
829
828
829
840
826
819
819
846
823
828
737
843
821
826
823
819
822
823
823
822
822
832
819
823
819
820
828
825
824
823
851
828
821
822
826
824
828
864
826
826
825
832
828
820
818
835
818
830
823
827
786
828
842
827
825
830
828
827
827
822
825
832
836
700
837
827
824
833
829
701
848
833
834
828
822
827
828
829
825
842
828
831
707
825
829
823
829
832
763
839
827
830
823
833
831
828
844
827
834
833
827
828
821
828
828
830
831
825
825
824
829
834
826
848
833
804
825
828
835
829
775
767
824
832
834
829
763
759
823
851
847
828
829
762
778
835
824
826
835
832
827
827
836
831
837
833
827
832
832
845
831
831
831
833
839
833
812
827
833
836
826
825
828
833
832
833
844
831
830
829
835
828
832
843
831
832
831
844
2546
842
833
834
828
833
832
840
835
829
830
833
802
830
828
833
832
855
737
827
835
834
836
830
836
843
831
840
833
826
826
835
846
833
845
833
835
833
833
835
831
854
773
834
837
834
833
837
809
849
838
842
833
836
837
834
842
833
854
833
835
838
770
833
841
788
770
838
846
838
836
836
838
849
837
838
833
831
837
843
855
833
844
835
835
844
840
843
840
863
841
842
838
844
839
844
834
840
838
839
835
837
835
840
842
839
834
838
837
843
838
832
842
841
834
834
839
835
867
843
835
834
839
839
837
841
841
855
1038
840
851
850
729
836
835
836
841
842
840
777
849
842
840
773
791
840
842
840
842
843
852
857
839
831
837
842
841
840
840
836
841
840
840
840
715
846
842
837
845
835
1029
854
840
852
837
844
843
838
838
837
851
843
854
843
838
842
837
841
843
847
838
838
844
840
841
846
843
841
844
717
842
841
842
843
843
843
842
836
845
845
837
854
849
860
779
844
855
842
855
841
854
845
849
845
844
844
845
859
843
838
842
842
852
843
841
846
844
840
838
838
841
843
845
846
845
843
845
845
841
855
844
847
778
851
848
847
1305
840
846
847
846
849
844
852
848
846
842
839
848
841
846
843
850
853
844
847
842
858
847
846
848
838
851
850
849
844
846
846
848
843
847
784
842
851
855
848
848
850
863
850
843
848
849
848
849
848
721
857
840
849
850
844
719
844
784
784
848
848
848
847
852
850
856
844
860
847
800
719
851
843
849
753
850
844
844
854
854
795
848
859
849
1073
823
783
849
852
847
846
851
848
846
850
849
864
851
862
850
845
851
847
856
845
859
850
849
855
850
850
853
854
851
848
852
853
860
855
860
851
845
852
845
851
853
851
869
847
855
857
863
851
746
853
848
854
848
845
799
854
852
814
850
848
853
848
852
862
855
849
853
850
850
849
853
854
852
847
860
854
846
865
852
855
854
851
854
855
855
850
799
855
854
854
853
856
783
859
856
859
858
722
859
848
854
859
854
853
853
862
859
808
794
857
857
851
857
728
851
872
855
852
853
722
856
854
860
851
868
782
856
858
852
853
859
858
841
850
855
853
871
792
860
856
859
858
853
856
859
750
744
736
747
739
735
743
735
734
737
729
747
737
735
736
743
744
615
739
739
741
735
750
745
749
1090
740
743
740
736
565
739
743
739
736
736
737
739
745
739
740
742
742
736
744
744
738
745
742
711
678
737
752
743
748
744
616
746
744
737
743
740
746
687
746
746
745
743
738
680
743
742
741
743
763
740
613
743
743
757
742
745
744
751
740
739
742
743
743
739
744
745
744
750
740
740
740
745
750
691
681
745
743
744
752
741
745
704
747
740
746
743
757
745
690
744
740
753
740
744
744
744
744
747
693
687
744
744
745
749
745
679
744
747
748
745
745
743
620
696
747
748
746
750
618
745
737
747
746
745
745
746
679
641
742
752
751
746
742
742
740
748
742
743
747
746
743
749
747
746
749
749
761
745
745
752
743
752
746
748
746
743
743
747
748
746
748
747
760
746
748
679
745
761
741
765
749
740
740
748
742
741
742
741
753
749
760
748
745
762
747
748
740
743
744
743
749
755
746
747
747
744
682
748
741
742
752
747
744
744
755
685
744
752
743
749
750
760
750
745
743
743
748
748
752
747
746
765
745
747
749
748
748
750
746
750
748
749
746
742
751
749
747
751
749
763
748
748
745
752
751
752
749
752
745
744
751
748
757
752
748
769
750
749
751
753
752
752
750
745
746
747
753
745
745
750
751
748
751
746
749
750
753
751
749
753
751
752
756
750
746
753
750
752
747
748
747
748
745
763
752
746
749
750
752
745
746
753
751
759
753
748
747
749
752
752
752
689
750
758
756
749
747
686
687
753
749
750
751
754
756
751
753
747
760
752
751
751
752
755
758
752
753
749
787
755
770
756
752
748
756
736
689
748
746
753
751
738
560
751
762
755
755
752
754
753
638
752
750
750
754
749
755
699
757
754
748
755
748
756
693
754
751
755
755
754
749
753
755
771
756
761
756
757
752
750
752
752
754
688
754
757
754
749
754
760
756
755
754
754
756
709
694
756
752
757
759
757
750
635
752
757
759
755
690
753
758
756
754
755
751
751
758
762
759
756
757
757
758
752
751
756
763
760
756
756
756
753
753
760
760
755
765
759
758
757
759
757
756
758
759
751
760
755
752
753
747
761
753
758
758
752
751
762
758
760
757
759
770
758
765
754
690
774
759
756
753
756
757
761
753
761
755
759
854
757
760
757
757
758
758
757
755
757
754
757
758
755
757
758
759
754
761
757
763
761
1111
1264
758
757
755
763
757
754
760
760
760
755
759
755
759
759
746
761
763
763
760
755
759
758
760
760
759
758
760
774
756
762
760
759
760
763
759
762
761
760
769
755
771
757
759
762
756
761
761
767
758
761
693
767
760
760
758
764
763
579
756
793
765
764
757
763
758
763
762
770
758
758
764
755
763
763
760
762
761
758
768
757
760
766
762
763
761
771
763
766
770
758
758
764
736
762
762
761
776
758
640
763
766
777
758
764
766
760
697
761
762
765
758
756
643
761
765
765
763
775
768
765
764
763
762
762
760
700
763
775
774
768
777
760
760
765
764
760
761
761
687
769
759
787
759
759
770
774
697
765
764
770
764
766
763
760
764
764
760
765
762
778
761
766
766
763
759
760
760
768
759
774
782
766
770
765
760
767
766
794
761
766
766
769
768
768
761
775
766
767
766
766
771
771
765
768
767
762
780
766
764
651
766
772
761
765
767
765
769
764
767
769
765
713
765
766
767
763
758
764
688
705
708
646
766
764
699
771
762
761
774
769
765
651
767
778
766
768
769
701
763
766
768
771
770
768
773
768
771
764
766
769
766
765
777
763
768
781
770
768
753
713
771
763
779
770
766
642
767
769
770
763
780
774
781
769
765
772
766
767
763
636
753
769
776
766
706
764
720
707
804
769
703
712
706
770
767
764
769
769
769
780
703
764
784
774
773
769
764
769
765
701
769
769
769
777
768
770
638
768
764
772
773
772
702
711
767
766
774
765
765
757
768
770
772
770
778
768
770
769
769
772
781
770
767
768
786
770
769
765
769
710
708
769
769
767
771
770
767
779
772
769
771
646
774
770
771
777
766
721
774
772
772
769
771
773
760
788
771
712
768
771
774
771
772
786
773
716
725
768
768
768
773
765
639
725
707
771
768
771
721
766
770
764
788
773
776
780
770
775
724
774
774
728
774
772
775
780
773
771
704
769
726
775
768
771
775
777
782
770
785
770
777
777
775
773
775
774
783
759
774
777
775
774
773
772
772
766
782
771
768
775
773
714
777
777
789
772
780
777
771
777
772
776
777
709
708
779
777
781
768
768
771
775
780
776
776
779
644
715
710
777
771
775
783
712
773
792
780
785
740
773
771
779
773
777
646
773
787
780
785
777
775
780
774
789
777
779
780
778
781
778
7873
1032
779
722
718
775
772
788
780
783
778
774
774
780
778
779
775
780
784
779
776
779
775
776
777
785
780
772
793
711
786
779
774
783
775
782
717
777
775
790
782
776
736
781
783
780
777
777
779
784
782
780
781
774
793
774
781
654
780
783
775
779
780
773
774
778
781
784
778
794
782
777
783
719
713
782
779
777
782
776
792
785
783
779
780
782
782
779
776
782
799
781
787
779
776
782
783
776
656
781
787
779
780
780
781
783
783
779
784
779
721
793
779
785
785
777
790
782
780
780
706
783
781
779
778
780
766
778
785
793
781
796
721
785
783
775
777
779
786
791
781
784
781
785
783
774
784
786
716
784
780
789
797
779
782
780
777
785
783
785
782
790
785
658
793
783
782
799
779
788
785
799
791
786
786
784
779
780
784
782
785
778
787
785
786
778
718
780
784
778
786
784
786
792
786
788
786
780
795
786
782
788
787
783
780
785
786
786
786
791
790
780
785
810
787
788
787
780
779
782
786
786
789
806
786
790
781
783
784
784
789
794
785
793
784
786
785
783
782
784
790
786
785
784
789
786
791
713
779
725
787
788
779
782
785
780
797
1088
779
789
894
784
784
783
793
788
785
783
783
781
783
780
781
713
803
783
788
788
783
720
785
788
787
787
789
790
789
786
785
804
787
789
790
782
782
793
792
789
782
784
789
790
727
788
783
797
789
786
722
720
804
785
792
787
788
793
790
792
787
786
802
791
787
788
789
794
789
790
789
791
785
788
799
726
729
800
798
795
791
785
785
791
1200
790
788
794
797
793
790
791
806
788
793
785
783
793
793
788
660
785
785
793
795
789
722
804
793
794
792
788
723
791
794
791
790
788
791
791
787
786
787
793
787
790
792
802
792
808
795
787
787
793
784
791
789
786
798
798
792
793
786
795
799
794
787
789
801
798
796
795
792
795
785
726
793
792
798
798
796
792
788
792
793
790
792
794
788
797
801
792
666
803
789
789
793
792
781
790
797
794
787
800
792
789
795
793
793
795
795
1066
794
790
794
732
796
789
794
791
797
732
790
801
793
790
797
789
793
795
796
797
795
802
790
799
795
794
794
796
793
804
727
725
799
804
790
791
792
792
787
808
798
790
796
795
796
795
788
800
793
803
792
788
803
794
794
798
796
797
791
791
798
796
688
2467
811
797
791
800
790
791
819
795
735
729
796
799
797
792
797
671
801
801
803
795
667
808
799
802
799
794
797
800
798
799
798
809
735
799
798
796
797
810
734
807
797
797
796
802
794
794
793
806
802
797
793
797
800
796
798
799
794
805
802
797
799
798
809
730
800
795
795
804
810
731
799
797
804
795
801
797
796
792
802
804
800
796
810
796
801
799
794
816
806
796
800
799
808
800
798
799
792
801
806
804
801
799
803
802
798
753
798
803
806
801
801
800
813
738
803
799
799
799
803
806
800
799
815
795
800
785
795
815
798
812
805
798
815
802
801
799
800
799
801
805
801
796
813
796
744
802
798
804
801
812
803
800
814
800
803
801
800
766
797
811
803
797
814
801
803
798
797
804
802
819
811
803
817
800
800
800
803
800
797
804
804
804
804
806
677
798
797
804
799
801
810
805
748
800
808
799
799
806
804
799
805
804
819
798
761
803
797
807
803
804
804
810
819
803
806
804
803
803
801
805
803
804
812
808
680
801
796
813
797
806
801
741
743
806
813
801
804
804
800
806
801
808
818
803
808
803
800
809
799
803
805
800
824
806
803
1334
804
749
805
803
805
816
811
748
808
801
800
809
808
805
806
825
808
807
808
805
811
807
807
806
805
803
804
803
802
802
807
807
815
806
805
808
803
747
810
801
806
807
813
743
802
807
805
815
809
801
801
804
815
808
744
758
802
814
810
805
741
740
804
802
804
843
809
811
809
803
806
812
809
806
806
774
740
811
816
809
807
810
809
808
827
805
806
809
817
748
809
805
814
806
800
813
803
806
812
806
806
806
825
812
807
808
807
810
813
805
823
809
811
801
805
807
808
813
819
809
821
806
806
804
805
812
805
825
807
811
813
809
809
801
809
809
805
813
811
817
815
808
810
812
809
807
812
811
806
821
811
815
810
810
811
808
810
812
806
822
805
814
812
805
811
813
807
810
805
812
818
810
814
810
811
812
814
806
698
811
818
796
810
806
811
815
821
810
806
813
818
817
813
814
832
813
816
806
805
797
816
814
813
797
765
814
815
808
807
816
744
814
810
811
818
816
813
811
807
809
839
820
681
812
811
810
815
808
809
810
815
820
807
808
809
818
816
813
809
813
815
821
815
825
813
814
814
808
807
814
748
753
818
828
834
1438
815
814
814
815
815
808
815
811
818
816
807
822
814
812
814
751
815
811
813
810
813
822
814
814
815
812
822
813
820
813
809
815
814
816
815
815
829
688
823
810
814
810
814
816
816
813
828
821
820
816
809
814
814
811
817
814
817
833
817
811
759
777
815
822
816
814
777
823
818
811
811
817
811
821
810
820
816
818
819
817
815
820
813
819
698
825
811
813
815
812
686
821
815
813
816
827
758
814
820
818
812
820
820
815
816
829
816
816
817
814
812
819
826
820
819
820
816
820
822
814
831
818
820
818
818
723
816
834
817
819
818
815
822
820
818
815
817
826
820
822
822
821
819
819
815
823
820
818
813
839
822
777
757
822
820
817
818
755
815
831
820
821
819
815
758
817
829
817
812
836
821
824
824
820
831
821
759
819
819
822
828
824
817
823
834
758
821
814
814
818
822
826
823
907
829
823
819
822
816
820
829
824
822
823
818
822
817
818
833
821
823
823
824
824
758
826
820
818
825
752
826
829
824
828
833
758
819
752
819
821
833
829
817
823
824
829
823
831
764
827
822
822
818
820
821
820
819
827
822
819
819
823
826
761
768
841
823
826
824
820
823
823
843
821
821
824
818
826
820
825
824
827
827
826
760
760
819
824
828
832
756
824
828
827
824
820
820
764
828
824
821
837
826
826
828
824
789
827
830
824
823
822
820
833
823
821
838
826
827
825
820
822
823
831
826
819
827
827
823
825
819
822
828
829
821
834
826
823
823
822
946
831
827
822
734
832
819
827
824
823
858
828
830
822
705
826
826
837
828
825
821
828
825
828
833
825
826
828
821
839
696
832
830
822
827
823
809
762
762
713
829
830
765
826
829
826
828
869
807
869
870
869
868
816
821
865
868
872
871
869
875
865
868
867
868
881
866
855
858
846
824
822
821
828
825
804
899
900
891
902
824
898
902
897
919
851
914
916
916
911
912
837
919
918
916
912
918
912
961
971
955
961
958
973
961
964
965
957
963
894
980
983
994
985
980
981
997
983
986
986
995
986
980
978
995
985
986
981
993
983
1024
984
980
987
983
979
976
982
987
978
980
982
979
978
976
982
988
984
980
976
982
973
971
974
996
974
974
981
995
978
978
979
992
979
980
980
979
980
981
983
980
982
837
981
977
993
981
978
987
997
993
2593
996
994
937
982
983
975
997
990
983
983
981
982
984
980
979
981
985
919
997
984
986
978
995
979
983
982
1006
988
992
985
999
989
982
980
856
983
984
986
984
987
977
978
983
984
991
859
983
996
1004
984
982
988
1001
984
984
994
1011
988
984
944
995
983
979
986
986
987
983
992
989
992
983
989
989
993
987
986
985
990
996
991
991
924
921
992
991
1007
988
938
994
1006
990
985
989
1002
988
991
986
990
993
986
992
988
984
1001
986
988
918
937
990
990
983
993
981
988
983
990
986
987
988
984
919
985
986
986
989
923
988
1202
992
995
989
986
984
987
987
983
990
938
991
993
1007
991
993
928
1004
987
990
989
889
880
988
982
985
993
999
992
992
992
1000
993
991
988
987
988
991
991
991
986
921
1012
994
985
989
988
1004
986
988
987
1004
989
991
988
1007
859
985
996
998
986
991
985
998
992
990
989
992
989
992
997
995
993
994
996
997
1000
997
986
993
863
988
987
988
1012
995
986
988
1003
861
992
992
1000
995
996
994
941
992
998
992
993
996
991
989
997
992
1007
992
996
993
1002
992
997
990
1007
993
997
992
1004
992
994
990
1006
861
993
1000
1018
996
1018
994
1002
929
995
998
992
931
933
995
990
990
931
994
991
1004
997
982
997
1013
1000
1000
863
1009
996
994
998
1014
997
1002
991
1004
998
990
994
1009
994
993
997
1013
996
994
943
1008
991
997
995
1006
1000
924
995
996
993
994
931
996
995
999
976
931
993
1001
997
996
1001
1003
995
989
1003
1002
996
997
996
1001
990
995
997
999
995
995
997
1001
997
992
943
1018
995
1000
997
1000
994
993
997
1003
1000
936
945
1014
999
999
1003
1012
998
991
1000
1014
995
992
999
1021
1002
997
994
1014
998
995
1003
1028
994
999
1000
1012
993
992
1001
1012
992
1001
1012
1010
1000
1001
1003
1006
998
999
1003
1002
996
993
1001
1007
1001
998
1001
1010
999
1002
1003
1002
950
1006
997
1010
1001
998
1007
1011
1003
1000
1009
1008
1001
995
934
957
1004
999
1000
1019
997
1002
1003
1015
998
997
1002
1013
1004
1001
995
1096
1005
1003
944
1001
997
997
1007
1009
998
1009
1003
1006
979
938
1005
1017
997
1002
1007
1028
1004
1003
1007
1014
1001
1006
1010
1018
1006
1006
1020
1013
1010
1004
1011
1015
1006
1005
1014
1008
1014
1009
1012
1011
1010
1006
1011
1011
1012
1033
1025
1017
1007
1013
1013
1007
1013
1024
1015
1011
1012
1030
1015
1009
1005
998
1014
1016
879
1026
1015
1019
1013
1046
1330
1015
1027
1010
1009
1014
1023
1017
1026
1011
1022
887
1014
1010
1022
949
1018
1021
1032
1009
1013
1016
1028
1013
1014
1013
1023
1018
1016
1014
1015
1011
1025
1014
1015
1014
1064
1018
1021
1018
1032
1011
1017
1017
1017
1011
1016
1017
1014
1012
1012
1015
1020
1014
946
1019
1018
1012
961
1021
1017
1009
1015
1019
1012
1017
1020
1026
1018
1018
1018
1039
1013
1011
1021
1034
1013
1014
1013
1030
1017
1017
1018
1019
1010
1012
1019
1022
1013
1024
1022
1018
1017
1011
1017
1018
1017
1017
1022
1021
1019
1016
1019
1018
1013
1036
1018
1019
1018
1035
1017
1018
1015
1028
1018
893
1012
1030
1020
1028
953
1027
1017
1021
1019
1020
1017
1020
1035
1016
1032
1022
1015
1017
1019
1015
1030
1017
1012
1013
975
1017
1015
1018
1032
1011
1018
1018
1043
1016
1019
1016
956
1016
1013
1015
1021
1014
898
1012
1033
1017
894
1021
1029
1019
1019
1016
1020
1016
1052
1026
1016
1020
1038
955
1021
1021
1037
956
1017
1021
1057
1014
951
958
1032
1019
1018
1021
1031
1033
1027
1023
1020
1019
1023
1020
1018
1011
1019
1035
1025
1021
1022
1041
1020
959
1026
1041
1023
1030
1039
1026
1013
1016
1021
964
1023
1022
1024
1030
1022
1006
955
1025
1021
1016
1025
1026
1020
1023
1040
1020
1017
1021
1021
1025
1015
1038
1028
1028
1021
1037
1021
1023
1018
1022
1025
956
1016
1022
1025
1037
1020
1022
1300
1021
1039
965
964
1022
1034
1030
1026
1024
1029
1025
1039
1023
1025
1027
1039
