122618868
4979188
1391615
688351
401112
194831
187023
175046
90352840
1105
1104
1097
997
932
934
946
930
855
938
943
921
945
945
894
899
891
893
841
796
707
660
664
606
555
526
407
398
526
524
526
528
524
524
526
526
525
526
527
527
524
526
528
525
524
272
405
531
526
526
528
526
523
532
526
529
525
526
526
526
525
527
336
404
533
525
534
524
525
526
526
534
464
406
529
532
524
527
525
535
525
524
528
530
527
530
529
525
525
524
529
524
527
532
533
531
527
535
528
525
528
527
526
525
527
525
526
534
527
526
525
525
528
525
400
398
525
533
531
532
527
526
525
528
526
529
524
528
526
525
523
527
525
461
272
399
533
524
524
535
525
533
523
462
400
525
524
525
524
533
527
525
528
273
410
527
536
534
526
523
529
525
463
413
531
534
531
526
533
525
531
527
527
524
523
526
528
524
527
526
526
524
525
526
527
525
526
526
532
525
405
426
541
532
528
535
524
526
526
527
524
525
526
536
523
526
527
529
523
529
525
528
524
526
527
528
525
527
525
530
521
522
523
333
395
528
529
527
530
533
528
527
524
529
526
526
525
525
528
530
528
535
532
523
524
525
526
534
528
528
531
524
527
524
532
532
525
533
524
524
530
525
532
533
541
528
530
526
533
527
528
527
527
523
525
524
527
526
526
534
526
524
525
525
525
524
525
526
526
546
532
526
526
529
524
535
525
526
528
528
526
528
415
400
525
524
528
526
525
526
529
527
527
524
527
524
528
526
528
527
533
544
537
526
528
529
533
524
526
532
527
532
528
534
525
532
529
526
533
537
523
524
530
524
523
523
528
534
535
525
528
525
527
535
529
528
531
336
399
526
529
532
525
524
525
525
530
540
527
525
527
524
528
526
527
529
524
523
529
527
532
525
528
527
524
527
526
526
526
526
528
526
525
533
526
525
526
526
526
525
527
541
524
525
523
526
523
523
523
530
525
526
530
527
532
526
532
534
525
524
529
525
524
533
525
533
525
525
535
537
532
534
534
526
532
539
529
525
528
535
531
525
524
529
524
533
398
404
534
525
526
528
532
526
528
531
335
398
528
535
525
526
526
528
532
518
406
528
526
525
528
534
532
527
527
273
406
525
532
528
526
527
525
527
524
533
528
533
525
532
527
533
531
527
526
528
532
527
526
532
531
527
526
527
525
533
545
540
541
526
527
525
525
526
461
397
524
534
530
525
522
528
529
469
406
533
538
530
531
532
524
531
525
525
522
525
532
534
523
527
524
527
524
525
524
524
523
526
529
528
521
532
529
529
535
528
528
527
529
528
526
525
531
538
531
526
524
530
525
527
526
535
335
398
525
537
525
531
528
526
525
401
398
526
524
532
526
533
523
532
535
525
526
526
525
531
526
525
532
530
525
527
525
526
524
526
527
525
525
525
533
524
534
529
523
529
532
530
525
531
524
535
530
533
534
535
525
532
539
524
532
537
527
533
525
524
536
524
526
531
528
530
525
532
527
531
528
538
525
524
532
527
525
526
527
529
532
524
539
526
525
524
535
535
527
524
527
526
531
527
533
527
530
526
533
526
531
533
527
528
523
525
526
525
532
527
511
533
523
536
531
526
526
526
531
527
526
533
524
534
524
528
398
528
534
535
525
540
527
534
524
478
406
523
536
525
524
527
525
525
529
273
415
527
524
532
525
525
529
531
530
529
529
525
532
532
526
525
535
527
526
530
525
532
528
526
526
528
524
526
532
526
523
531
524
534
522
522
530
529
525
529
524
527
523
525
525
528
532
534
532
534
524
532
527
525
527
532
448
388
444
379
446
394
451
387
386
397
450
399
524
527
533
526
526
534
271
403
523
524
525
531
524
527
530
469
404
531
527
532
542
527
531
529
528
530
530
527
534
529
531
526
526
448
407
525
526
525
529
521
530
525
523
533
529
528
526
524
531
524
524
532
526
538
526
533
529
526
532
526
529
531
527
524
526
533
525
526
524
530
528
525
521
523
529
530
525
526
532
529
525
536
522
535
525
527
527
530
530
529
542
533
524
528
525
529
534
539
528
527
524
538
526
532
542
544
464
400
524
530
527
532
534
528
531
469
401
533
526
524
529
535
526
524
526
395
399
525
533
528
526
525
526
526
468
273
407
528
533
523
526
527
527
525
528
528
533
525
528
532
525
527
534
535
532
530
527
643
526
530
525
531
524
525
533
525
526
530
531
526
528
526
525
524
528
529
531
530
529
531
523
532
524
527
523
525
525
524
530
531
530
530
525
531
549
531
523
336
404
523
530
524
540
528
525
527
526
531
525
530
534
524
526
523
527
520
521
521
521
525
543
527
522
530
522
528
531
531
526
533
525
529
531
526
529
532
524
532
522
530
526
525
524
528
531
527
523
526
526
525
526
532
523
533
524
525
531
334
400
524
528
524
530
523
525
524
532
534
525
523
635
524
532
535
526
527
526
523
527
524
534
528
526
524
526
531
527
531
538
534
533
524
523
538
538
525
526
531
525
523
540
537
531
523
525
527
335
397
524
526
524
529
529
532
523
530
525
529
539
532
527
525
532
523
535
529
534
541
534
525
531
529
527
530
527
526
534
524
527
525
527
523
526
529
533
526
533
526
399
396
526
534
524
530
533
528
525
530
526
532
459
399
522
537
524
531
531
527
524
525
526
525
529
534
405
400
533
524
534
523
524
526
532
526
523
525
530
530
525
526
534
534
531
524
529
525
526
336
406
539
524
524
526
523
522
526
409
399
532
523
534
524
532
533
526
525
530
526
527
526
526
523
531
529
529
531
528
532
401
414
555
524
529
533
528
522
528
523
526
524
529
525
525
531
525
529
526
531
528
525
462
270
398
526
531
526
534
524
524
534
382
400
530
528
539
526
525
536
526
534
531
529
527
533
524
531
532
527
506
528
526
528
407
408
532
533
525
526
534
542
524
526
527
527
524
532
551
541
526
526
530
526
530
528
532
527
534
528
532
526
534
531
524
528
524
527
525
526
526
525
524
526
536
522
522
521
529
521
543
538
534
525
525
525
538
534
538
528
523
526
526
526
526
532
527
529
525
532
527
526
532
526
523
533
521
522
525
526
529
532
528
531
530
523
527
524
528
526
526
531
531
534
526
533
529
534
525
525
527
531
525
528
525
534
524
525
528
460
399
527
532
527
531
525
534
532
532
534
526
527
526
525
529
533
532
533
523
529
529
536
531
529
526
538
525
526
525
529
525
525
528
528
525
531
527
532
525
529
532
533
525
530
465
406
531
526
526
528
526
529
535
526
527
534
528
526
528
527
528
531
527
528
532
526
531
526
525
526
529
527
526
525
533
526
526
526
527
526
525
533
532
526
539
529
534
526
525
525
534
529
526
529
537
533
524
402
412
538
531
533
528
532
525
531
526
532
533
529
526
525
525
526
321
399
529
528
529
525
525
411
527
532
525
527
525
531
525
534
381
410
527
528
532
532
527
534
534
531
529
534
526
449
399
527
523
526
527
536
525
524
528
526
524
529
533
530
526
532
527
524
523
529
533
523
529
524
545
528
534
543
525
522
524
525
531
530
532
528
528
523
536
529
530
533
529
517
406
525
527
530
531
532
526
530
539
400
407
524
531
534
533
540
531
533
524
524
523
527
548
530
525
527
534
526
532
536
525
533
524
538
530
525
526
533
525
533
536
531
524
534
526
533
531
525
527
532
525
526
533
530
528
525
527
525
525
526
534
532
525
524
527
532
536
533
528
523
533
526
522
523
533
531
525
530
529
533
533
540
532
526
526
526
534
531
538
533
535
533
531
526
534
534
526
532
532
533
524
528
537
533
539
527
530
530
534
526
524
525
526
526
525
524
526
532
524
527
526
526
524
531
528
524
535
527
532
525
533
531
525
531
524
525
520
522
528
537
525
530
533
546
535
525
528
525
531
535
524
528
531
526
527
533
525
530
526
525
534
535
529
527
526
532
534
532
526
527
532
526
534
528
533
525
533
533
524
541
534
527
531
525
533
526
530
531
532
533
531
528
533
523
531
534
529
525
525
535
526
526
532
526
533
524
523
533
531
526
529
528
524
525
532
534
528
538
521
525
521
522
523
530
528
534
535
526
423
405
534
525
524
526
622
532
277
400
527
533
532
536
530
533
531
526
527
532
540
528
526
533
524
526
532
524
525
526
522
522
522
524
530
522
541
534
531
525
526
539
524
533
531
538
531
525
527
526
532
535
535
525
526
525
526
533
534
532
525
535
532
527
526
531
530
528
526
525
526
525
525
534
532
534
525
524
527
532
525
540
526
527
524
532
527
532
532
526
526
524
526
525
534
526
526
526
531
525
524
528
538
524
534
528
524
527
533
527
532
535
536
536
531
532
533
531
526
535
533
527
526
532
533
534
527
527
526
525
526
404
397
532
526
536
531
539
524
530
538
525
527
533
523
537
531
531
529
527
530
534
537
337
406
527
530
531
532
526
536
522
527
526
531
526
525
525
526
530
527
525
532
532
533
522
523
529
526
522
526
541
529
531
531
533
530
525
527
527
528
523
526
531
524
524
524
532
525
525
535
532
525
532
526
526
524
531
526
532
531
531
526
532
524
524
526
524
532
533
524
527
521
546
531
531
526
534
524
531
526
532
524
535
524
534
532
532
532
524
529
528
533
523
531
526
535
526
526
538
533
524
524
531
532
523
532
530
531
523
534
532
526
533
534
526
335
398
523
534
524
523
534
533
524
524
527
461
279
400
525
528
523
524
524
534
524
525
527
526
524
524
533
523
523
527
524
516
524
533
535
525
539
528
534
525
531
525
534
524
546
533
540
525
524
526
524
544
541
463
412
525
524
533
531
525
526
527
537
323
398
527
527
531
534
533
525
528
532
524
531
524
527
531
526
523
527
530
531
531
524
525
532
524
533
529
532
527
527
341
398
525
531
525
523
528
523
534
523
525
533
532
542
531
534
526
524
523
528
271
397
529
531
528
522
521
524
521
526
527
532
525
524
536
531
526
527
534
533
523
531
532
524
523
532
527
525
524
526
532
533
529
531
533
547
535
536
526
529
533
535
533
532
526
526
525
530
534
538
526
531
529
531
526
525
533
524
526
525
532
523
534
531
529
522
527
555
536
534
528
526
531
524
526
535
532
527
525
530
523
525
528
532
523
528
534
524
523
539
532
525
531
525
532
530
528
528
529
525
531
526
524
526
532
527
526
526
525
527
523
529
523
528
529
533
532
526
522
525
526
539
533
528
527
540
524
534
531
538
534
530
531
528
529
524
529
535
531
532
335
406
529
527
524
525
526
530
524
460
271
403
533
524
528
526
526
532
523
470
400
532
273
399
526
532
531
534
525
334
398
527
534
533
526
525
535
529
534
528
536
524
526
528
533
523
529
526
536
522
531
524
404
401
527
531
529
532
526
527
532
532
528
526
274
399
525
527
531
524
536
526
533
525
529
533
525
526
527
464
399
532
525
533
532
537
534
535
531
529
333
407
531
529
528
541
525
525
530
527
524
526
525
533
523
525
523
527
523
527
536
527
524
532
524
526
531
527
528
531
523
526
523
531
532
533
525
525
524
526
522
532
530
528
530
526
522
527
530
525
534
526
531
523
524
524
523
529
530
526
530
530
532
525
523
527
525
524
530
533
532
523
525
524
527
524
527
533
525
270
406
531
527
530
525
526
532
531
527
525
533
523
535
472
405
530
533
542
529
523
532
535
531
524
526
526
525
523
535
524
525
533
534
524
524
530
527
524
525
532
527
524
533
526
525
531
526
533
535
526
534
528
524
531
535
527
527
524
525
457
405
531
532
526
533
524
533
532
527
526
535
523
525
271
404
533
528
534
533
532
464
404
524
530
525
526
521
526
521
521
396
397
526
522
536
542
524
527
530
527
538
528
526
527
532
526
524
524
523
529
532
534
540
525
526
530
533
524
534
525
524
525
525
536
537
534
526
525
524
527
529
525
529
532
525
542
281
401
524
525
527
528
533
525
524
526
531
526
528
525
524
525
527
336
397
528
536
533
532
533
529
534
525
533
535
525
525
539
526
525
527
531
534
532
524
532
532
529
535
531
526
524
526
534
539
530
531
526
525
523
525
524
539
532
529
530
536
532
526
532
540
527
530
532
527
528
530
524
534
526
534
524
524
337
404
524
528
532
532
524
532
527
531
524
525
524
525
525
532
527
525
530
526
527
524
528
524
529
533
524
525
342
398
524
526
533
524
526
527
529
532
524
527
524
525
526
532
529
533
533
448
397
531
527
528
524
530
524
534
529
534
471
274
397
523
524
532
523
523
524
629
534
398
404
529
524
524
525
535
524
532
540
525
525
533
523
534
530
522
525
531
524
527
529
524
526
529
529
532
527
521
522
527
460
399
531
521
532
527
535
531
523
529
396
399
534
526
527
524
526
523
534
535
525
528
526
525
524
531
526
530
526
534
528
526
527
532
405
399
526
526
526
525
533
532
532
529
532
527
523
531
526
525
531
532
530
525
526
526
541
525
533
541
532
525
524
526
533
525
538
536
533
531
528
526
524
527
525
533
533
524
533
524
533
533
525
536
336
399
528
524
526
527
524
527
524
532
525
527
531
536
527
532
531
523
526
536
463
405
526
526
525
526
526
532
533
527
525
525
525
535
532
525
526
534
525
525
527
532
524
526
530
529
531
527
533
335
397
524
527
525
533
528
536
530
533
533
526
525
526
528
528
530
533
525
529
537
540
531
527
530
528
541
525
524
525
526
525
531
533
538
521
522
523
522
520
526
534
527
532
526
526
524
526
535
523
526
525
535
527
525
523
527
527
526
530
524
524
532
530
527
531
532
531
529
533
525
529
526
523
526
525
526
531
534
339
398
525
530
536
529
526
524
532
526
336
400
463
401
532
272
398
534
527
526
524
525
528
533
533
534
524
524
524
533
524
529
528
526
525
531
470
405
540
530
534
527
525
539
539
524
532
526
533
526
531
534
535
531
525
530
526
525
526
525
527
525
533
536
533
525
538
534
525
532
533
530
524
533
541
541
532
535
530
534
531
532
534
526
531
531
524
534
524
525
534
338
399
526
525
535
525
526
534
523
523
527
532
523
522
530
278
399
522
538
533
528
524
525
534
527
530
528
528
435
397
524
534
532
531
533
526
534
525
532
525
524
525
528
399
523
530
533
531
524
534
533
531
334
395
460
398
533
533
527
538
527
526
532
525
525
541
531
524
532
530
533
527
272
400
527
528
525
526
526
526
523
535
533
536
529
532
529
531
523
530
527
526
531
529
524
531
527
525
524
526
527
535
524
463
273
398
534
526
525
648
526
532
527
524
399
531
530
534
530
525
526
534
531
525
525
526
523
524
531
529
530
530
525
532
523
533
526
524
523
526
526
532
526
532
534
532
524
534
538
531
529
525
527
525
525
524
541
538
536
526
525
523
537
523
536
541
528
524
538
554
534
540
527
526
534
525
523
527
525
524
533
522
529
522
522
529
528
522
537
534
532
525
531
526
527
533
527
528
522
527
531
527
529
535
527
526
524
534
524
526
533
527
526
525
523
527
525
530
531
535
524
532
524
527
521
526
523
525
534
530
530
414
404
527
531
529
525
524
530
534
523
271
405
534
539
525
524
540
539
527
526
526
526
526
532
532
532
526
524
522
521
540
522
529
557
530
528
539
525
534
532
525
527
531
527
530
527
528
525
525
536
531
527
523
533
533
526
531
536
530
525
530
530
524
532
525
528
525
524
525
524
531
527
532
527
523
525
526
525
532
517
399
531
533
529
524
526
523
527
526
526
531
526
526
526
526
527
531
532
530
533
530
526
540
534
523
525
525
532
525
525
531
534
532
526
526
530
539
531
536
525
532
526
533
529
533
532
526
525
525
533
526
532
534
527
399
399
525
525
532
526
525
535
525
527
272
398
532
525
534
535
531
525
532
536
528
531
534
526
530
525
528
524
532
526
526
527
526
524
527
523
524
525
530
533
531
523
530
533
526
525
527
525
531
522
533
524
533
527
531
535
529
534
525
532
533
534
532
524
526
531
525
534
532
527
524
531
535
523
532
533
541
529
522
530
539
530
525
542
524
528
524
535
530
525
524
526
523
532
525
529
530
539
526
534
525
533
527
529
530
524
525
531
525
523
533
527
533
525
525
524
531
524
535
528
527
534
336
397
524
524
527
524
533
525
529
527
530
537
526
524
534
525
524
537
524
524
524
524
524
531
523
531
528
402
399
540
531
534
532
525
527
525
530
533
533
532
273
406
533
526
531
529
524
527
524
531
274
405
537
534
526
535
526
531
527
524
524
529
526
534
525
526
534
524
525
526
528
523
525
531
528
531
525
530
525
530
525
538
534
530
528
525
532
524
525
529
532
528
535
533
526
524
528
531
532
525
526
534
528
523
528
524
525
526
528
531
531
525
526
523
531
533
531
529
526
534
525
531
527
533
537
528
527
525
525
534
539
534
524
532
526
531
531
533
340
408
540
539
527
529
526
532
528
430
399
531
531
524
523
535
528
534
524
526
525
525
524
526
530
527
339
394
525
520
521
536
529
529
534
524
527
531
526
538
527
522
522
523
523
521
334
401
532
532
524
528
534
532
531
527
524
465
271
397
536
525
525
525
534
524
533
525
533
530
525
527
531
524
531
540
525
523
542
527
528
524
527
540
532
534
533
526
532
543
545
524
526
526
526
532
271
405
532
533
531
527
538
535
525
526
525
533
523
531
534
526
523
526
523
346
406
526
529
525
526
524
535
533
534
527
529
524
525
534
526
533
535
526
525
532
526
528
532
529
385
399
524
526
536
525
533
533
533
533
532
531
337
401
533
531
526
528
532
524
526
462
275
399
531
530
532
533
524
534
522
538
528
532
523
525
528
525
531
527
349
406
525
531
525
526
530
539
525
525
523
524
531
529
532
533
533
530
531
528
528
524
525
522
521
520
522
520
529
520
334
403
526
530
523
524
524
522
526
536
406
532
523
534
526
526
531
528
529
532
522
533
531
525
530
537
525
525
527
525
461
272
398
538
531
532
531
532
532
529
461
274
405
397
398
530
524
526
539
524
527
398
523
403
398
527
522
540
535
530
524
522
534
524
532
536
538
529
525
531
523
527
534
540
530
460
397
525
531
526
535
532
530
529
536
524
526
525
524
525
526
524
525
522
532
536
532
525
528
531
538
524
526
535
526
399
404
531
533
525
524
527
526
524
469
271
399
532
523
525
524
525
523
462
399
400
398
532
526
532
529
530
535
530
529
538
527
526
532
529
529
524
532
525
528
528
526
523
526
530
532
531
526
526
525
532
531
529
534
526
530
528
534
524
531
533
524
530
524
526
531
532
535
529
532
526
532
341
401
523
524
533
526
525
524
524
526
524
525
532
528
525
531
531
530
523
525
532
532
524
525
526
525
523
535
531
532
522
553
529
527
462
404
524
522
521
524
523
523
533
536
529
531
525
527
528
532
527
536
531
532
529
534
533
535
526
523
531
532
525
544
532
533
534
533
529
528
525
532
531
533
526
525
525
541
528
532
534
524
534
525
531
526
539
534
526
534
524
531
532
532
526
529
534
396
395
525
524
527
523
533
532
526
523
527
527
525
524
533
528
527
530
529
528
524
524
531
534
525
525
527
523
525
530
537
530
523
522
528
525
527
524
527
531
526
539
531
526
535
529
521
520
529
523
521
526
530
526
531
530
535
532
525
541
528
527
524
526
535
525
532
527
533
534
532
524
533
524
535
533
525
532
399
409
538
530
534
525
531
523
530
530
533
531
529
527
525
525
527
530
524
524
533
526
532
531
534
527
525
533
526
528
531
525
527
525
534
534
526
525
531
531
533
525
532
535
523
522
524
525
530
526
524
537
526
524
527
527
524
529
525
534
525
525
528
272
400
533
542
527
525
527
527
523
538
525
526
532
529
526
533
532
538
532
530
530
470
270
406
532
532
535
531
526
524
524
450
405
532
534
532
527
532
538
527
526
405
527
530
526
525
525
527
525
530
533
532
531
524
526
532
524
535
535
531
525
527
532
524
526
531
529
523
524
527
524
524
527
533
526
526
523
526
531
532
463
400
526
524
525
533
534
530
534
525
525
526
524
275
397
525
527
537
524
526
531
536
524
539
531
526
524
525
534
532
530
535
535
531
531
540
531
524
540
537
526
530
529
535
533
523
529
522
463
412
532
528
530
525
526
526
534
526
523
527
523
535
533
527
531
532
526
525
525
526
534
533
526
524
527
524
531
532
528
527
526
528
532
523
535
524
528
524
526
534
525
524
534
527
533
526
532
533
533
527
527
525
527
525
533
529
533
527
524
522
522
532
530
529
540
533
529
525
523
525
538
526
526
533
526
524
531
526
526
529
530
534
532
398
413
532
525
536
528
533
530
524
532
531
524
524
528
523
525
524
534
524
532
526
534
525
525
533
525
398
399
534
525
531
530
528
523
525
532
273
402
523
531
525
527
525
532
532
537
523
526
527
533
530
527
524
536
524
526
531
533
531
532
526
533
531
399
400
524
525
525
535
525
532
533
526
526
526
525
524
523
524
525
527
529
542
527
539
524
524
525
532
387
398
534
528
541
532
533
531
531
532
541
531
528
534
532
524
533
525
532
525
527
527
523
525
532
527
532
524
523
526
529
524
526
528
524
530
530
533
523
534
635
533
524
525
532
524
531
531
525
523
523
525
523
530
534
532
524
525
526
532
531
526
526
527
527
524
533
532
534
535
529
530
528
530
523
529
536
532
530
526
525
528
532
525
526
524
524
523
527
531
520
528
536
534
526
531
530
526
533
534
445
396
532
524
532
526
532
526
529
531
526
523
527
533
533
526
534
524
540
536
527
532
527
525
532
532
531
527
524
533
534
529
524
532
524
534
525
533
525
533
526
526
535
524
532
532
531
531
528
529
527
526
534
532
528
533
526
536
524
525
528
526
394
397
533
525
533
532
531
538
527
461
273
398
541
524
543
528
533
539
539
527
407
524
531
532
539
532
541
527
478
400
527
537
536
527
533
534
531
525
534
532
533
525
527
527
531
526
534
536
524
532
536
524
532
527
533
538
526
526
527
526
533
530
535
530
526
526
532
342
401
524
534
531
525
527
532
443
407
534
527
540
523
535
525
524
531
271
398
531
528
534
527
531
535
534
536
526
537
538
531
525
533
534
533
523
526
534
541
534
534
530
525
533
526
532
541
539
468
396
522
521
524
528
522
542
536
466
405
526
534
531
524
534
533
524
529
468
272
399
525
534
526
525
529
531
526
532
539
532
528
525
524
533
532
522
525
526
528
532
525
526
525
532
527
533
532
525
528
527
525
528
540
524
531
524
344
397
530
525
550
534
526
523
528
523
524
534
535
532
525
542
525
530
534
526
529
524
525
527
524
537
340
404
526
532
531
535
524
535
527
524
526
537
531
528
522
527
527
529
525
530
530
534
524
526
463
399
524
524
524
532
531
524
527
532
525
531
532
532
530
535
534
531
536
532
533
462
272
411
527
531
531
532
525
524
525
441
409
525
526
524
535
522
523
533
526
380
396
527
530
532
531
527
526
524
530
534
531
525
525
526
533
533
533
527
532
532
526
532
526
525
524
527
525
534
533
525
525
530
531
532
525
532
534
530
524
523
528
520
523
529
539
532
524
526
526
525
526
529
535
523
526
553
539
523
533
542
525
524
528
527
525
542
527
524
533
529
532
532
532
540
533
526
537
534
531
524
525
524
533
525
522
335
400
532
526
526
533
524
525
526
528
522
532
526
528
524
532
526
530
531
531
526
525
530
531
533
525
525
526
522
525
524
526
530
531
525
533
523
531
531
530
524
527
528
527
523
530
533
532
524
540
532
533
525
525
525
525
525
532
538
522
523
522
522
523
525
533
531
531
525
533
538
523
534
533
526
532
543
525
525
534
335
408
531
535
529
526
532
533
532
526
525
525
527
532
523
530
532
527
524
525
526
531
525
533
526
523
523
524
526
523
523
528
534
525
531
529
530
532
527
533
525
525
527
525
530
527
525
527
525
527
532
532
531
527
539
524
531
527
525
525
532
525
525
526
531
528
540
528
538
534
405
400
525
525
523
524
530
530
529
522
521
523
521
521
536
533
530
525
535
531
524
541
531
525
525
531
526
524
532
527
529
523
525
523
526
530
535
543
525
531
523
533
525
530
527
534
532
525
559
526
524
532
525
528
532
524
275
402
531
524
527
536
524
525
526
532
532
527
532
526
531
524
536
532
524
527
527
525
524
530
533
531
526
529
524
533
531
528
525
531
530
525
522
522
521
530
522
526
530
531
525
533
527
533
524
533
538
535
398
399
527
524
526
534
530
534
524
525
532
527
524
534
525
524
524
528
526
533
525
528
525
525
531
526
334
404
540
526
535
528
527
532
527
271
401
531
529
524
524
531
534
522
334
399
528
537
521
524
529
533
524
537
338
402
524
532
533
522
526
526
533
524
526
271
399
526
524
541
532
527
535
538
533
533
531
526
532
525
524
527
532
532
532
528
528
537
530
531
530
523
524
528
531
531
533
531
524
525
524
524
524
529
533
537
525
527
409
524
528
524
525
408
397
524
533
526
524
523
527
536
525
525
533
530
525
531
532
531
528
533
524
531
531
532
525
526
526
532
530
523
527
524
527
533
532
527
523
524
525
527
526
527
529
525
523
532
526
530
532
534
523
523
521
524
531
533
529
533
529
525
401
399
533
524
525
539
531
524
524
538
537
542
526
530
531
532
527
532
523
534
525
533
530
531
534
524
524
462
399
527
524
525
527
523
530
525
531
533
524
523
534
523
526
531
524
523
523
525
532
525
530
534
528
525
544
532
526
524
528
530
527
522
524
519
521
522
533
530
524
525
527
531
532
531
527
529
524
523
525
530
527
534
524
528
537
529
539
531
532
528
523
527
525
526
531
535
524
535
531
532
526
534
522
527
523
526
531
524
525
540
524
530
521
528
527
530
521
522
521
526
522
525
522
324
395
522
526
538
524
531
532
525
531
526
533
525
529
528
536
528
530
526
525
530
525
530
526
531
532
531
531
530
525
522
534
528
522
531
535
524
525
533
526
523
526
420
406
524
524
523
533
530
534
525
529
524
523
526
530
524
540
534
412
398
524
532
530
528
527
534
523
530
533
530
277
402
534
531
524
530
526
525
524
521
533
526
379
403
521
526
523
532
530
529
524
524
527
325
403
531
525
530
524
523
523
533
531
528
525
528
531
524
529
531
525
525
533
526
525
529
526
523
530
533
532
531
524
522
527
524
532
433
401
525
529
525
527
531
525
528
524
524
339
397
524
522
537
534
533
522
521
531
529
532
526
539
530
524
641
524
531
532
535
531
522
532
525
530
530
531
529
530
530
534
524
531
526
525
528
531
530
525
524
530
535
534
522
523
521
530
459
397
531
528
525
530
531
529
525
523
524
524
460
403
529
524
531
521
534
527
531
529
525
523
523
523
525
531
524
523
534
532
531
533
528
531
521
523
534
523
524
527
523
523
522
531
524
527
526
525
530
529
522
525
524
539
533
532
523
524
528
524
531
524
532
531
525
533
525
536
529
533
533
525
530
525
533
530
404
401
532
529
524
522
525
521
528
524
524
520
523
523
530
530
536
525
526
530
535
522
523
524
522
530
533
531
525
524
525
525
523
529
531
531
526
525
524
525
527
525
523
524
527
533
524
526
530
525
525
532
524
531
534
532
530
526
527
532
530
525
527
535
524
524
527
532
524
530
525
538
524
527
528
270
404
534
532
532
526
573
532
532
399
414
398
409
525
531
534
533
526
526
399
401
531
527
536
527
524
535
528
529
525
525
526
526
524
535
526
527
532
533
545
526
526
541
530
526
525
527
526
525
534
533
528
521
540
524
523
526
532
527
526
533
529
532
526
535
401
401
530
525
528
528
530
527
533
535
532
533
535
534
532
528
527
531
532
526
533
535
526
538
531
525
525
528
532
527
538
527
529
454
406
534
526
541
527
528
525
525
533
531
532
532
532
527
273
411
534
527
533
526
534
532
525
335
401
529
525
528
535
529
523
526
527
337
403
534
533
531
522
521
533
525
522
527
527
526
524
533
534
531
525
529
538
525
523
525
534
525
527
463
407
526
532
531
525
525
534
534
524
532
525
540
534
531
535
527
538
531
528
525
532
532
532
528
525
525
527
532
532
524
398
534
531
532
527
524
523
533
412
399
528
524
528
526
524
533
540
537
307
397
536
530
533
525
525
536
526
524
534
334
396
526
530
529
524
524
525
527
524
526
532
527
524
532
533
533
526
535
529
525
522
526
522
524
527
475
407
460
397
525
526
523
526
528
531
524
530
532
524
343
406
526
524
532
523
534
530
525
527
534
529
525
531
534
531
542
525
541
523
527
531
532
524
532
532
322
398
523
534
531
532
528
526
527
539
531
536
530
525
541
527
435
411
532
533
524
526
526
534
530
525
522
526
523
528
533
526
534
526
526
534
523
527
528
525
524
536
524
533
526
527
533
533
530
527
530
533
533
525
526
525
524
528
534
533
534
528
524
526
525
525
526
527
534
529
534
530
526
524
532
526
527
530
525
526
532
522
528
532
534
526
525
531
539
531
528
534
532
531
525
540
525
533
545
531
524
526
526
404
410
530
534
523
531
524
526
531
525
526
274
397
533
525
526
526
526
526
538
528
533
522
528
524
526
532
527
531
526
526
533
524
527
523
526
523
525
526
532
524
525
530
533
525
524
533
530
531
526
526
523
525
525
532
531
532
524
521
521
521
523
521
521
537
526
533
530
524
530
526
526
524
525
524
530
528
524
525
532
531
531
531
534
540
530
528
530
540
530
525
524
527
405
533
527
526
524
531
525
530
523
528
527
531
523
527
531
526
533
524
534
530
531
533
523
525
527
532
532
533
523
527
531
525
533
528
523
525
523
526
530
526
532
533
523
525
531
524
524
528
533
534
530
528
530
531
536
528
533
524
532
527
524
531
528
525
526
523
525
525
524
532
534
524
525
525
525
525
531
540
528
551
531
523
526
461
396
534
531
538
530
529
528
529
468
422
541
524
530
534
531
531
527
525
527
524
523
527
528
523
525
531
532
524
522
537
525
532
522
533
528
533
530
525
524
534
529
532
530
524
524
529
523
525
526
529
524
526
523
524
524
525
530
521
521
530
519
394
398
534
532
530
522
528
530
530
524
523
526
525
524
533
530
541
524
526
525
530
526
534
530
535
527
532
530
527
533
541
525
535
533
526
523
535
526
526
530
533
539
533
531
536
531
526
533
534
533
525
524
528
533
533
526
524
529
527
529
525
526
527
526
532
532
526
525
530
527
524
526
526
531
527
525
531
272
406
527
532
523
529
524
524
528
525
532
526
532
529
532
525
536
466
526
526
462
398
524
531
536
534
524
531
529
532
526
532
535
532
525
525
529
529
531
528
529
524
525
525
543
532
527
530
528
539
526
533
533
531
534
530
526
527
524
275
398
526
532
525
527
526
525
527
531
533
533
535
531
527
541
527
526
526
525
527
524
527
272
399
526
531
525
527
534
529
532
529
273
403
532
525
532
524
524
533
524
531
525
528
525
526
524
529
531
533
529
525
524
527
532
525
524
528
526
526
525
528
531
533
532
525
533
527
526
529
523
526
527
521
531
535
535
524
521
527
530
525
532
531
541
526
470
399
533
540
531
527
535
531
523
529
527
526
524
538
532
525
526
534
534
531
524
535
530
525
533
523
531
531
525
272
398
525
534
524
528
529
524
533
523
404
525
272
401
525
526
526
525
525
469
401
534
524
529
537
526
525
527
525
527
531
528
534
524
270
398
530
528
523
523
527
527
530
527
533
533
524
524
532
525
539
529
525
523
524
525
533
539
541
550
526
527
525
525
532
531
543
526
533
538
527
530
532
527
528
527
526
522
528
523
527
533
533
531
532
530
534
529
534
540
540
532
525
539
526
533
534
538
526
526
525
533
522
523
532
527
529
522
530
525
531
524
525
527
525
531
534
531
524
528
526
533
531
532
538
526
273
402
532
525
526
524
533
525
529
471
337
417
526
525
527
525
525
527
534
527
524
523
526
524
526
522
531
526
526
525
526
526
536
537
534
526
525
534
532
337
400
534
526
526
529
527
538
532
528
525
523
526
540
532
539
537
532
533
532
533
526
529
547
525
535
528
532
532
526
524
526
527
528
523
525
526
525
524
534
526
526
533
535
533
524
532
527
532
532
525
527
524
531
528
536
528
524
532
525
527
524
463
412
528
522
522
524
529
521
530
528
524
524
524
527
531
526
534
531
532
532
338
406
527
533
528
525
531
532
530
525
525
528
527
526
524
527
525
531
526
532
526
537
530
528
532
530
528
525
526
524
531
532
531
533
534
540
532
531
525
533
528
526
535
525
526
524
463
272
398
527
532
524
525
532
525
532
528
525
528
524
525
524
527
525
529
533
535
525
525
526
537
525
535
525
527
524
526
526
526
530
535
535
523
532
400
410
524
526
533
536
525
526
528
534
532
528
532
534
529
525
541
527
532
528
528
340
399
522
524
522
524
525
539
532
529
404
534
530
526
533
533
524
539
541
527
525
526
525
533
531
535
525
525
529
536
531
526
272
399
525
533
527
535
535
528
525
525
528
532
525
526
545
524
532
524
526
526
534
526
526
525
524
534
532
523
525
534
524
522
525
534
524
524
527
527
524
525
534
533
534
526
525
527
531
523
526
525
525
526
525
523
530
533
540
525
531
531
528
521
522
521
331
401
3887
583
528
527
527
524
528
531
532
526
533
418
398
541
535
526
524
533
526
528
526
525
526
526
526
535
526
526
405
528
526
531
533
527
533
527
530
531
462
400
523
524
531
524
523
524
529
526
527
538
388
403
527
525
526
530
524
533
337
272
397
531
534
525
525
529
526
525
406
407
533
525
531
529
533
527
524
524
527
525
531
527
533
524
523
524
534
532
531
534
526
526
525
526
538
534
545
529
526
524
527
523
398
409
525
533
530
533
524
530
524
525
524
525
523
524
335
396
526
525
531
524
526
535
535
523
531
525
540
412
399
532
531
525
523
526
525
531
526
272
406
524
531
526
530
534
524
523
527
524
524
533
533
524
530
532
525
529
527
537
528
523
524
537
523
522
529
532
527
522
526
527
529
523
524
526
524
523
527
524
538
538
539
528
531
531
535
525
524
526
545
531
534
531
532
527
529
528
523
527
530
536
529
525
524
533
524
524
526
526
523
535
524
528
530
526
525
526
525
535
524
525
531
275
401
531
532
529
530
528
533
534
534
524
525
525
526
530
524
525
525
526
525
532
532
531
525
535
525
524
526
533
524
531
532
527
531
527
522
532
523
521
525
529
528
530
526
533
525
532
526
532
531
526
528
533
532
524
527
532
534
533
525
531
538
540
525
533
525
532
521
529
536
530
527
527
532
528
524
525
531
531
524
533
534
531
529
532
531
524
531
532
525
525
523
532
531
524
535
526
525
531
524
528
525
526
531
525
523
523
525
526
530
525
525
526
524
530
532
524
524
527
540
533
532
529
528
529
527
526
528
531
527
533
532
524
536
531
532
525
526
531
524
479
336
411
530
537
523
527
532
529
524
528
530
532
526
524
539
538
538
527
532
526
531
525
526
528
526
524
522
525
532
532
526
533
528
524
523
533
531
524
527
528
530
525
605
535
525
533
533
525
527
523
527
537
532
536
533
532
525
521
530
526
536
531
526
320
396
525
527
531
522
525
524
531
528
523
529
526
533
533
531
531
523
526
524
525
525
532
522
524
527
531
522
539
530
533
522
523
524
524
529
527
538
532
524
531
533
525
530
533
527
523
522
521
531
521
528
530
538
525
524
540
530
525
524
528
527
524
533
529
532
522
526
523
525
333
409
533
525
531
526
535
526
530
526
524
529
525
523
527
522
527
531
532
528
532
530
531
528
527
525
531
531
434
404
526
524
522
525
525
527
527
535
272
399
525
528
533
533
532
539
525
463
399
526
533
539
531
531
533
524
533
530
531
527
527
526
525
531
527
529
531
531
464
399
529
533
527
526
524
533
528
526
526
527
530
336
400
531
534
526
526
526
524
523
533
530
432
397
523
528
524
524
533
532
527
534
528
549
528
527
528
528
527
526
528
529
527
528
536
532
531
532
539
529
533
529
528
531
533
528
526
531
528
525
534
524
524
622
541
534
534
528
528
533
524
535
525
540
528
531
522
538
528
540
530
537
533
399
404
538
536
523
526
526
528
524
533
538
525
336
399
526
534
525
526
532
527
533
473
479
537
528
525
534
531
533
535
525
527
523
521
536
529
528
545
527
527
526
524
536
532
528
544
525
523
527
527
535
531
527
536
528
523
538
527
531
530
532
536
532
531
534
532
526
526
529
540
523
526
532
532
543
534
526
526
459
271
400
525
530
528
537
543
533
532
527
527
533
523
522
537
531
531
532
523
560
535
533
540
536
526
527
528
537
532
465
398
528
526
526
534
525
530
527
534
530
528
525
534
539
449
399
533
534
533
524
527
540
533
527
540
534
534
527
534
524
526
526
535
462
401
526
534
526
527
531
539
526
534
527
526
524
525
527
534
531
533
532
534
533
533
526
527
539
535
528
535
526
528
536
532
527
524
524
531
529
531
529
526
530
533
531
533
531
527
539
538
531
526
533
531
528
526
526
536
533
534
528
526
533
525
533
533
531
527
526
531
528
526
533
530
524
523
525
531
522
521
533
535
533
524
527
531
531
528
533
530
527
523
528
530
532
527
535
528
522
526
528
536
526
526
400
405
524
532
536
524
528
529
526
525
274
399
535
533
537
531
538
526
526
525
528
532
540
530
532
532
533
535
533
525
527
526
533
539
536
526
525
528
539
468
409
534
530
525
524
527
532
534
525
525
526
525
525
537
532
526
528
526
526
533
528
527
528
526
535
530
525
528
526
529
530
527
524
526
524
541
533
535
524
527
527
524
524
528
525
528
525
533
537
523
523
526
527
526
526
527
526
536
526
528
525
527
530
542
524
527
538
527
524
525
527
525
534
535
533
534
527
540
533
524
540
535
541
525
533
524
536
533
533
525
527
525
534
535
330
398
523
534
526
525
525
525
535
530
527
542
534
531
526
528
525
534
534
533
526
525
527
463
275
398
528
529
534
524
524
534
533
461
274
400
400
399
526
524
535
525
532
546
531
521
528
523
531
522
526
539
531
525
525
528
527
525
526
537
525
524
526
532
526
527
526
527
524
523
535
523
525
526
536
531
532
530
528
531
539
530
537
528
530
534
525
532
533
533
533
525
536
526
525
533
526
533
527
527
526
530
528
528
530
526
531
528
535
525
532
535
526
528
527
534
531
533
525
532
545
525
524
529
531
533
534
536
527
525
527
532
526
527
532
527
531
523
535
532
534
526
533
532
530
523
532
525
535
525
524
529
532
529
525
530
531
528
525
524
529
522
533
533
536
525
539
538
530
532
531
530
525
525
524
539
531
531
535
532
539
533
531
525
533
269
398
532
525
530
523
523
535
524
526
539
522
524
529
526
528
526
530
528
532
524
536
525
523
529
532
534
527
524
530
532
527
543
527
526
525
526
462
405
527
531
531
531
537
534
531
523
523
530
531
533
526
532
527
531
535
534
531
529
526
533
527
531
529
530
527
525
528
526
524
527
525
526
539
535
527
531
534
531
529
537
540
524
544
532
526
530
525
524
541
526
458
397
526
533
533
524
527
537
533
527
463
406
529
525
524
528
525
534
525
537
526
529
527
534
461
271
409
530
524
470
399
528
540
557
466
413
528
525
525
529
526
526
528
529
524
532
527
526
525
535
527
536
526
526
526
527
523
527
524
535
531
538
534
535
539
534
528
525
525
528
527
540
535
536
526
527
526
526
526
544
534
535
527
525
541
526
531
527
525
528
531
528
526
532
527
526
529
525
524
529
530
533
532
528
525
533
527
528
533
525
535
534
526
527
527
529
531
527
524
534
525
532
534
531
532
530
538
526
525
525
343
398
535
533
524
538
526
532
534
525
525
538
528
529
534
533
532
533
525
528
531
531
525
528
336
401
533
525
530
523
521
524
528
529
537
529
526
528
527
526
533
538
447
402
526
524
529
524
533
532
528
534
532
530
528
531
528
527
531
535
525
524
526
524
534
526
532
528
527
533
535
534
527
537
531
525
530
530
533
543
527
528
525
528
530
531
532
401
400
532
527
524
528
524
527
528
531
528
531
530
527
531
526
532
533
524
532
523
525
526
527
525
524
534
533
537
535
533
527
535
526
526
526
524
526
535
526
534
532
532
526
530
539
530
526
527
526
525
531
533
541
536
525
527
526
526
526
524
531
529
527
527
530
528
548
545
463
416
530
526
530
525
528
533
532
541
533
531
533
531
531
527
540
531
524
529
530
534
532
524
526
524
526
523
525
532
525
527
530
530
335
397
529
525
528
529
536
534
527
537
525
525
283
405
524
527
531
526
524
524
533
537
469
270
396
523
528
522
524
508
440
381
437
378
447
383
378
378
440
382
437
371
436
374
438
378
444
380
438
384
438
373
436
372
438
374
436
374
439
375
448
380
434
371
445
372
437
379
436
375
443
381
449
379
249
379
445
371
441
390
435
380
442
379
445
374
436
372
513
506
440
377
434
378
435
307
308
305
317
375
442
369
434
306
309
379
437
373
437
379
443
378
434
373
437
369
440
306
310
375
441
379
436
373
447
371
247
372
436
374
435
373
445
379
434
374
444
378
455
379
444
373
437
374
440
379
443
372
435
371
439
371
433
371
321
374
441
372
437
380
443
372
442
372
440
374
435
373
441
249
308
381
443
377
437
375
440
377
443
374
449
375
445
372
435
375
435
372
308
380
437
380
436
379
441
379
443
379
436
373
437
372
441
385
514
506
438
381
444
380
443
372
436
372
439
380
441
372
438
373
443
371
435
372
437
372
437
373
438
381
436
308
245
372
446
374
442
379
441
374
436
372
436
373
445
379
436
372
437
382
439
375
441
372
439
376
435
372
438
382
436
379
437
371
436
373
438
379
442
380
443
380
445
378
437
372
441
381
436
373
445
370
434
378
438
372
439
374
441
378
437
371
436
378
441
379
440
309
309
375
436
372
435
374
443
378
437
382
442
380
443
373
442
371
446
379
445
378
441
382
435
373
442
371
450
372
443
376
444
375
443
382
441
372
435
381
440
374
436
377
437
373
438
380
444
381
438
372
438
374
435
377
447
372
442
373
443
374
446
374
445
381
443
374
436
375
436
385
436
379
437
373
436
374
434
375
444
381
437
373
434
372
441
312
309
373
438
378
445
376
436
373
445
379
437
378
434
372
437
375
437
380
437
372
443
245
310
373
445
378
438
370
436
381
442
381
444
380
444
372
436
373
438
246
310
371
436
380
435
388
441
374
514
508
436
378
440
372
436
372
436
379
439
385
436
371
436
376
435
378
444
388
436
369
442
372
441
380
436
373
436
374
439
379
435
373
437
375
443
373
443
371
452
369
442
379
444
373
441
371
438
376
440
373
433
373
443
373
436
376
435
371
444
378
441
371
437
374
436
370
434
383
435
380
436
380
435
372
443
370
434
375
436
373
435
378
443
378
436
379
437
379
434
371
436
370
439
372
431
242
307
305
308
304
306
305
307
304
305
376
443
371
435
382
435
371
436
373
435
382
442
370
441
380
440
372
442
380
435
381
441
370
438
371
435
378
443
378
444
379
443
376
442
373
442
374
435
372
437
372
434
371
436
374
435
380
439
381
438
371
433
379
439
372
441
372
442
371
444
374
440
372
438
372
436
377
444
381
433
372
443
373
436
372
441
381
443
381
532
525
529
528
530
523
530
527
530
522
342
407
523
529
275
406
533
522
523
522
527
521
531
532
529
519
522
526
526
526
535
532
464
270
395
522
526
531
532
527
529
528
523
523
523
523
535
532
526
530
532
530
546
534
535
534
539
536
534
538
538
597
606
582
578
589
583
595
584
597
593
589
585
578
550
538
527
531
526
535
525
531
533
524
522
521
527
526
529
543
538
527
525
537
527
533
530
536
532
525
525
533
524
533
526
539
528
528
525
532
535
530
533
536
532
530
526
337
400
525
529
540
533
524
525
528
526
524
528
534
532
529
528
524
541
525
537
537
524
522
531
523
395
523
529
542
534
531
532
528
533
273
400
535
526
526
525
526
526
535
533
526
526
526
528
534
524
535
532
524
532
529
529
528
533
528
525
526
525
533
532
526
532
528
530
466
401
528
525
526
526
529
524
533
534
531
530
527
526
537
525
533
528
534
525
535
530
532
532
532
527
532
535
536
525
526
524
545
526
525
343
423
529
527
525
530
525
529
533
537
524
526
541
525
532
533
526
528
539
526
527
529
524
529
526
527
525
525
534
531
531
526
534
525
532
524
529
527
535
533
463
398
525
532
527
533
532
527
524
537
524
533
524
527
535
525
526
532
526
526
523
530
523
533
523
530
535
526
524
527
531
524
529
534
534
532
528
527
537
527
532
528
532
525
273
396
550
525
526
524
533
530
526
527
531
524
463
406
532
532
533
527
529
522
522
524
527
529
523
534
533
528
526
535
532
525
340
399
526
521
524
528
522
525
275
407
539
334
404
538
533
525
533
526
532
531
525
528
524
522
536
526
523
527
528
